# This file is created using the appendix A of the TARC NIM paper
# This data is useful for comparison of simulation methods with the experimental data
#
# Differential fluence dF/dE for selected number of energy bins as a function of the distance
# to the centre of the lead volume is provided.
#
# Differential fluence energy bin for 6Li/233U  and 3He/scintillation in eV
# Table 00 : 
;10
0.1 1.5 5.0 10.0 18.0 100.0 480.0 1000.0 1.0e4 50.0e3
#
# differential fluence radial values vs fluence from the centre of the lead volume
# Table 41 : 6Li / 233U / 0.1eV
;76
-187.5   178127.0   20916.0    -164.5   208387.0   15236.0    -154.6   252267.0   19480.0  
-132.7   652345.0   26868.0    -124.8   721648.0   31621.0    -121.2   695630.0   37039.0 
-111.5   861361.0   37286.0    -107.4   951128.0   43864.0    -105.3   992298.0   41004.0 
 -97.5  1098173.0   43472.0     -95.2  1166686.0   50820.0     -94.0  1075235.0   52536.0 
 -90.3  1214726.0   59741.0     -76.9  1341157.0   80500.0     -70.8  1143483.0  106866.0    
 -70.8  1401114.0   60049.0     -64.1  1389402.0   75086.0     -60.5  1479789.0   75960.0 
 -58.6  1591117.0   69629.0     -54.6  1793428.0   94551.0     -50.3  1734488.0   72263.0  
 -45.6  1660183.0   71642.0     -40.4  1906804.0  100561.0     -27.0  1998677.0  105661.0       
  27.0  1946504.0  108645.0      40.4  1799165.0   97110.0      45.6  1965170.0  101310.0 
  46.0  1404543.0  214244.0      50.3  1709736.0   71958.0      54.6  1479024.0   93239.0 
  58.6  1612297.0   68516.0      60.5  1743914.0  117159.0      60.5  1638378.0   79586.0       
  67.5  1465282.0   64304.0      69.1  1534629.0   62931.0      70.8  1367310.0   55589.0 
  70.8  1484603.0   73533.0      76.9  1318944.0   64449.0      79.7  1307921.0   52070.0 
  83.9  1048934.0   68685.0      85.2  1221003.0   59340.0      90.3  1291466.0   92312.0   
  90.3  1157944.0   46655.0      90.3  1106473.0   61307.0      94.0  1070874.0   48136.0  
  95.2   101744.0   53235.0     102.0   992297.0   53476.0     105.3   844377.0  130788.0 
 105.3   925665.0   39518.0     111.5   891084.0   36844.0     112.5   859081.0   34146.0 
 117.4   815832.0   32958.0     120.2   725850.0   28554.0     124.8   671149.0   30435.0 
 127.5   730157.0   28978.0     127.5   603684.0   25423.0     127.5   532314.0   35862.0  
 131.0   556694.0   32606.0     133.5   609798.0   26898.0     137.7   540992.0   21415.0 
 143.3   480779.0   23472.0     144.1   445007.0   19050.0     144.1   350657.0   16957.0 
 145.6   469112.0   18525.0     150.2   242026.0   18278.0     153.9   348872.0   16337.0 
 154.6   251507.0   11483.0     154.6   269597.0   12693.0     154.6   243829.0    9988.0  
 164.5   198383.0    9593.0     164.5   242238.0   10798.0     164.5   279758.0   11411.0 
 165.2   216177.0   12280.0     171.2   184382.0     7422.0    187.5   106216.0   20669.0 
 187.5   159332.0   21266.0 
#
# Table 42 : 6Li / 233U / 1.5eV
;102
-187.5   52037.0   7250.0    -164.5   60333.0   2796.0    -154.6   73270.0   4200.0 
-150.2   75772.0   4035.0    -132.7  172600.0   7786.0    -124.8  208772.0   9666.0 
-121.2 	208477.0  11622.0    -111.5  262848.0  19126.0    -111.5  251775.0  11478.0 
-107.4 	285943.0  13805.0    -105.3  269209.0  12593.0     -97.5  291771.0  13215.0
 -95.2 	352464.0  16428.0     -94.0  340796.0  16835.0     -90.3  362096.0  19401.0 
 -90.3 	366357.0  18540.0     -76.9  443692.0  25199.0     -70.8  374540.0  49984.0 
 -70.8 	402242.0  18332.0     -67.5  481558.0  31378.0     -67.5  477824.0  23938.0 
 -64.1 	445496.0  23782.0     -64.1  420413.0  24629.0     -60.5  475073.0  24555.0 
 -58.6 	489428.0  23622.0     -54.6  479350.0  36273.0     -54.6  540276.0  31094.0 
 -50.3 	524329.0  24304.0     -50.3  515078.0  23643.0     -45.6  538414.0  23636.0 
 -40.4 	573929.0  31042.0     -27.0  563951.0  56170.0     -27.0  610220.0  34302.0 
  27.0 	597918.0  34339.0      40.4  546907.0  33215.0      45.6  536203.0  26304.0 
  46.0 	435567.0  49354.0      50.3  498337.0  22665.0      54.6  517116.0  29952.0 
  58.6 	455746.0  21531.0      60.5  491059.0  25864.0      60.5  474549.0  25428.0 
  60.5 	484480.0  25025.0      67.5  415905.0  38030.0      67.5  433361.0  20431.0 
  69.1 	422865.0  20274.0      70.8  388025.0  17357.0      70.8  434043.0  22920.0 
  70.8 	412295.0  27045.0      76.9  364314.0  37569.0      76.9  395237.0  20274.0 
  79.7 	354786.0  16006.0      81.1  378500.0  37086.0      83.9  351309.0  22740.0 
  85.2 	374363.0  19518.0      90.3  324092.0  19276.0      90.3  308537.0  13998.0 
  90.3 	341238.0  19812.0      90.3  351774.0  21177.0      92.8  368103.0  19033.0 
  94.0 	304353.0  14503.0      95.2  321900.0  16641.0     102.0  257844.0  21189.0 
 102.0 	283505.0  16470.0     105.3  271252.0  22573.0     105.3  268307.0  12532.0 
 105.3 	252442.0  12043.0     111.5  242475.0  11123.0     111.5  246286.0  12376.0 
 112.5 	218185.0   9735.0     117.4  216957.0  18756.0     117.4  213167.0  24040.0 
 117.4 	227283.0  10334.0     120.2  186689.0   8444.0     124.8  191253.0   9300.0 
 124.8 	198983.0   9080.0     124.8  200761.0   8998.0     127.5  186511.0   8635.0 
 127.5 	166697.0   7994.0     127.5  161090.0  11119.0     127.5  155814.0  12734.0 
 131.0 	150208.0   9615.0     133.5  170289.0   8173.0     137.7  134541.0   6071.0 
 143.3 	132267.0   9824.0     143.3  138269.0   6995.0     144.1  121826.0   5621.0 
 144.1 	103701.0   5192.0     145.6  116794.0   5352.0     150.2   69495.0   8780.0 
 150.2   73972.0   4350.0     153.9   96561.0   5095.0     154.6   71825.0   3481.0 
 154.6   71305.0   3458.0     154.6   68455.0   3110.0     164.5   57475.0   2947.0 
 164.5   58911.0   2877.0     164.5   69183.0   3199.0     165.2   61544.0   3585.0 
 171.2   47362.0   2193.0     187.5   29628.0   1587.0     187.5   34947.0   1689.0 
#
# Table 43 : 6Li / 233U / 5eV
;102
-187.5   19654.0   3775.0    -164.5   23255.0   1093.0    -154.6   28522.0   1666.0 
-150.2   29988.0   1721.0    -132.7   66240.0   3049.0    -124.8   81051.0   3790.0 
-121.2   82117.0   4661.0    -111.5  105704.0   9652.0    -111.5   97672.0   4424.0 
-107.4 	110736.0   5439.0    -105.3  104929.0   4826.0     -97.5  112948.0   5058.0 
 -95.2 	139589.0   6534.0     -94.0  135880.0   7070.0    -190.3  144366.0   7872.0 
 -90.3 	148753.0   8028.0     -76.9  173919.0  10862.0     -70.8  151538.0  25055.0 
 -70.8 	152228.0   7128.0     -67.5  183371.0  14961.0     -67.5  192210.0  11922.0 
 -64.1 	178006.0  10140.0     -64.1  171565.0  10552.0     -60.5  190845.0  10178.0 
 -58.6 	198896.0   9008.0     -54.6  198543.0  16385.0     -54.6  221945.0  12552.0 
 -50.3 	207810.0  10763.0     -50.3  208064.0   9314.0     -45.6  214427.0   9596.0 
 -40.4 	234634.0  13543.0     -27.0  219351.0  29333.0     -27.0  246342.0  14200.0 
  27.0 	246591.0  15097.0      40.4  224161.0  13512.0      45.6  214558.0  11421.0 
  46.0 	178277.0  34321.0      50.3  200567.0   9076.0      54.6  204048.0  12301.0 
  58.6 	187469.0   8673.0      60.5  195491.0  12339.0      60.5  190137.0  10444.0 
  60.5 	193141.0  10628.0      67.5  159567.0  19067.0      67.5  171050.0   8002.0 
  69.1 	172297.0   7824.0      70.8  151338.0   6762.0      70.8  171693.0   9521.0 
  70.8 	164591.0  11145.0      76.9  173333.0  20852.0      76.9  155287.0   8340.0 
  79.7 	139681.0   6195.0      81.1  149211.0  15392.0      83.9  139398.0   9484.0 
  85.2 	147546.0   7751.0      90.3  127203.0   9142.0      90.3  120764.0   5280.0 
  90.3 	135269.0   7885.0      90.3  135597.0   8838.0      92.8  144734.0   8759.0 
  94.0 	119849.0   5903.0      95.2  124716.0   6937.0     102.0  103624.0  10581.0 
 102.0 	109857.0   7022.0     105.3  104741.0  10277.0     105.3  104519.0   4950.0 
 105.3   97749.0   4845.0     111.5   93341.0   4274.0     111.5   94634.0   4839.0 
 112.5   82193.0   3672.0     117.4   85547.0  11095.0     117.4   85349.0  14371.0 
 117.4   88025.0   3608.0     120.2   70531.0   3157.0     124.8   73397.0   3470.0 
 124.8   78090.0   3603.0     124.8   78385.0   3459.0     127.5   69544.0   3096.0 
 127.5   64191.0   2978.0     127.5   60962.0   4475.0     127.5   59521.0   4677.0 
 131.0   57224.0   3867.0     133.5   64979.0   3196.0     137.7   50557.0   2232.0 
 143.3   47420.0   4926.0     143.3   52529.0   2765.0     144.1   46303.0   2133.0 
 144.1   39465.0   2013.0     145.6   43679.0   1946.0     150.2   26193.0   3588.0 
 150.2   27994.0   1728.0     153.9   36002.0   1892.0     154.6   27536.0   1363.0 
 154.6   26758.0   1340.0     154.6   26318.0   1193.0     164.5   21902.0   1139.0 
 164.5   21728.0   1135.0     164.5   25603.0   1154.0     165.2   23063.0   1463.0 
 171.2   17841.0    819.0     187.5   11053.0    672.0     187.5   12680.0    641.0 
#
# Table 44 : 6Li / 233U / 10eV
;102
-187.5   10787.0  2087.0    -164.5   12973.0    682.0    -154.6   16029.0  1040.0 
-150.2   16823.0  1044.0    -132.7   37060.0   1781.0    -124.8   45469.0  2252.0 
-121.2   46469.0  2928.0    -111.5   59793.0   4664.0    -111.5   54722.0  2772.0 
-107.4   61839.0  3443.0    -105.3   59306.0   2869.0     -97.5   63596.0  2944.0 
 -95.2   79278.0  4101.0     -94.0   77315.0   4362.0     -90.3   82491.0  5048.0 
 -90.3   84399.0  5004.0     -76.9   97383.0   6723.0     -70.8   87004.0  7565.0 
 -70.8   83784.0  4240.0     -67.5  103674.0   8171.0     -67.5  109837.0  6506.0 
 -64.1 	101372.0  6318.0     -64.1   98073.0   6950.0     -60.5  109123.0  6420.0 
 -58.6 	115080.0  6008.0     -54.6  114736.0   9192.0     -54.6  129676.0  8399.0 
 -50.3 	119080.0  6141.0     -50.3  120122.0   5597.0     -45.6  121708.0  5960.0 
 -40.4 	136590.0  8962.0     -27.0  121178.0  16016.0     -27.0  141880.0  9266.0 
  27.0 	144317.0  8974.0      40.4  130661.0   8990.0      45.6  123695.0  6426.0 
  46.0 	103661.0  9005.0      50.3  115618.0   5571.0      54.6  114399.0  8418.0 
  58.6 	110128.0  5254.0      60.5  112016.0   6757.0      60.5  109275.0  6325.0 
  60.5 	109903.0  6871.0      67.5   91304.0  10339.0      67.5   97038.0  4866.0 
  69.1 	100656.0  4916.0      70.8   85314.0   4015.0      70.8   97644.0  5502.0 
  70.8   92960.0  6999.0      76.9   93183.0  12350.0      76.9   87705.0  5109.0 
  79.7   79562.0  3735.0      81.1   84859.0   9087.0      83.9   78723.0  6080.0 
  85.2   83401.0  5014.0      90.3   72673.0   5372.0      90.3   68564.0  3178.0 
  90.3   76771.0  5176.0      90.3   75967.0   5568.0      92.8   81769.0  4651.0 
  94.0   68056.0  3515.0      95.2   69807.0   4261.0     102.0   58161.0  5694.0 
 102.0   61592.0  4372.0     105.3   58092.0   5792.0     105.3   58780.0  2908.0 
 105.3   54528.0  2858.0     111.5   52244.0   2581.0     111.5   52313.0  2905.0 
 112.5   45462.0  2131.0     117.4   47536.0   5508.0     117.4   47586.0  6566.0 
 117.4   49418.0  2269.0     120.2   39064.0   1821.0     124.8   40854.0  2149.0 
 124.8   43521.0  2176.0     124.8   43647.0   2088.0     127.5   38148.0  1714.0 
 127.5   35901.0  1832.0     127.5   33429.0   2764.0     127.5   32990.0  3382.0 
 131.0   31792.0  2436.0     133.5   36060.0   1891.0     137.7   27950.0  1310.0 
 143.3   25418.0  2519.0     143.3   28993.0   1676.0     144.1   25652.0  1269.0 
 144.1   21769.0  1220.0     145.6   24058.0   1119.0     150.2   14371.0  1146.0 
 150.2   15479.0  1026.0     153.9   19639.0   1159.0     154.6   15312.0   838.0 
 154.6   14715.0   845.0     154.6   14684.0    697.0     164.5   12111.0   703.0 
 164.5   11859.0   672.0     164.5   13995.0    670.0     165.2   12605.0   915.0 
 171.2    9860.0   472.0     187.5    6029.0    409.0     187.5    6884.0   386.0 
#
# Table 45 : 6Li / 233U / 18eV
;102
-187.5   6356.0   961.0    -164.5   7770.0   395.0    -154.6   9671.0   648.0 
-150.2 	10087.0   658.0    -132.7  22305.0  1000.0    -124.8  27386.0  1314.0 
-121.2 	28211.0  1707.0    -111.5  36102.0  2540.0    -111.5  32910.0  1560.0 
-107.4 	37046.0  1964.0    -105.3  36039.0  1666.0     -97.5  38516.0  1628.0 
 -95.2 	48296.0  2394.0     -94.0  47140.0  2562.0     -90.3  50574.0  3085.0 
 -90.3 	51043.0  3071.0     -76.9  58376.0  4215.0     -70.8  53488.0  4327.0 
 -70.8 	49520.0  2336.0     -67.5  63378.0  4274.0     -67.5  67202.0  3622.0 
 -64.1 	61844.0  3630.0     -64.1  59825.0  4102.0     -60.5  66840.0  3822.0 
 -58.6 	71393.0  3463.0     -54.6  70743.0  5261.0     -54.6  81271.0  5004.0 
 -50.3 	73381.0  3678.0     -50.3  74414.0  3313.0     -45.6  73987.0  3483.0 
 -40.4 	85294.0  5308.0     -27.0  71502.0  7595.0     -27.0  87630.0  5685.0 
  27.0 	90560.0  5954.0      40.4  81680.0  5539.0      45.6  76659.0  3624.0 
  46.0 	64615.0  5776.0      50.3  71544.0  3376.0      54.6  68582.0  5240.0 
  58.6 	69490.0  3165.0      60.5  68951.0  3730.0      60.5  67424.0  3927.0 
  60.5 	67016.0  4148.0      67.5  56597.0  6311.0      67.5  59077.0  2863.0 
  69.1 	63197.0  2896.0      70.8  51658.0  2209.0      70.8  59608.0  3596.0 
  70.8 	56113.0  4570.0      76.9  54894.0  6303.0      76.9  53143.0  3046.0 
  79.7 	48723.0  2063.0      81.1  51845.0  5663.0      83.9  47582.0  3704.0 
  85.2 	50552.0  2925.0      90.3  44713.0  2580.0      90.3  41868.0  1840.0 
  90.3 	46715.0  3037.0      90.3  45754.0  3523.0      92.8  49557.0  2689.0 
  94.0 	41508.0  2079.0      95.2  41942.0  2583.0     102.0  34765.0  3364.0 
 102.0 	37086.0  2552.0     105.3  34516.0  3363.0     105.3  35491.0  1705.0 
 105.3 	32622.0  1659.0     111.5  31437.0  1499.0     111.5  30984.0  1709.0 
 112.5 	27074.0  1159.0     117.4  28172.0  2939.0     117.4  28223.0  3654.0 
 117.4 	29812.0  1318.0     120.2  23289.0  1011.0     124.8  24423.0  1257.0 
 124.8 	25922.0  1190.0     124.8  25999.0  1173.0     127.5  22529.0  1026.0 
 127.5 	21580.0  1046.0     127.5  19663.0  1822.0     127.5  19634.0  1954.0 
 131.0 	18993.0  1550.0     133.5  21502.0  1090.0     137.7  16645.0   707.0 
 143.3 	14701.0  1414.0     143.3  17184.0   973.0     144.1  15277.0   719.0 
 144.1 	12887.0   753.0     145.6  14273.0   620.0     150.2   8467.0   671.0 
 150.2   9204.0   676.0     153.9  11513.0   712.0     154.6   9145.0   491.0 
 154.6 	 8705.0   484.0     154.6   8803.0   403.0     164.5   7190.0   409.0 
 164.5 	 6976.0   379.0     164.5   8241.0   384.0     165.2   7400.0   506.0 
 171.2 	 5866.0   268.0     187.5   3533.0   242.0     187.5   4036.0   219.0 
#
# Table 46 : 6Li / 233U / 100eV
;100
-187.5 	 1257.0   232.0    -164.5   1637.0   101.0    -154.6   2095.0   181.0 
-150.2 	 2100.0   180.0    -132.7   4818.0   261.0    -124.8   5894.0   351.0 
-121.2 	 6242.0   564.0    -111.5   7688.0   951.0    -111.5   7037.0   439.0 
-107.4 	 7789.0   545.0    -105.3   8061.0   442.0     -97.5   8519.0   438.0 
 -95.2 	10821.0   676.0     -94.0  10558.0   712.0     -90.3  11620.0   901.0 
 -90.3 	10888.0   845.0     -76.9  12217.0  1184.0     -70.8  12334.0  1316.0 
 -70.8 	 9923.0   631.0     -67.5  14786.0  1543.0     -67.5  15212.0  1217.0 
 -64.1 	13871.0  1084.0     -64.1  13237.0  1239.0     -60.5  15221.0  1191.0 
 -58.6 	17121.0  1055.0     -54.6  16296.0  2031.0     -54.6  20293.0  1740.0
 -50.3 	17330.0  1135.0     -50.3  17794.0  1034.0     -45.6  16357.0   978.0 
 -40.4 	21007.0  1554.0     -27.0  13977.0  3914.0      40.4  20184.0  2036.0 
  45.6 	18474.0  1227.0      46.0  15769.0  1721.0      50.3  17059.0  1049.0 
  54.6 	14299.0  1467.0      58.6  17890.0  1071.0      60.5  16155.0  1277.0 
  60.5 	15908.0  1284.0      60.5  15019.0  1125.0      67.5  14015.0  2598.0
  67.5 	13224.0   845.0      69.1  15993.0   944.0      70.8  11361.0   608.0 
  70.8 	13493.0  1001.0      70.8  11989.0  1244.0      76.9  11636.0  2673.0 
  76.9 	11672.0   874.0      79.7  11225.0   600.0      81.1  11806.0  2153.0 
  83.9 	10268.0  1143.0      85.2  11098.0   820.0      90.3   1046.0   849.0 
  90.3   9553.0   510.0      90.3  10405.0   903.0      90.3   9890.0  1090.0 
  92.8  10890.0   838.0      94.0   9383.0   613.0      95.2   8936.0   733.0 
 102.0   7069.0  1136.0     102.0   7980.0   774.0     105.3   6998.0  1132.0 
 105.3   7709.0   474.0     105.3   6816.0   451.0     111.5   6772.0   411.0 
 111.5   6210.0   471.0     112.5   5635.0   298.0     117.4   5572.0  1058.0 
 117.4   5549.0  1456.0     117.4   6473.0   332.0     120.2   4862.0   256.0 
 124.8   5114.0   327.0     124.8   5263.0   324.0     124.8   5297.0   303.0 
 127.5   4539.0   252.0     127.5   4624.0   270.0     127.5   3854.0   472.0 
 127.5   4039.0   582.0     131.0   3982.0   453.0     133.5   4465.0   298.0 
 137.7   3469.0   181.0     143.3   2756.0   428.0     143.3   3480.0   266.0 
 144.1   3162.0   185.0     144.1   2592.0   202.0     145.6   2932.0   160.0 
 150.2   1676.0   185.0     150.2   1897.0   197.0     153.9   2242.0   190.0 
 154.6   1907.0   138.0     154.6   1761.0   132.0     154.6   1865.0   108.0 
 164.5   1465.0   117.0     164.5   1390.0    96.0     164.5   1646.0    97.0 
 165.2   1446.0   149.0     171.2   1215.0    73.0     187.5    687.0    63.0 
 187.5    800.0    57.0 
#
# Table 47 : 6Li / 233U / 480eV
;92
-187.5   262.0   40.0    -164.5   372.0   31.0    -154.6   493.0   57.0 
-150.2   464.0   57.0    -132.7  1136.0   71.0    -124.8  1377.0   92.0 
-121.2  1509.0  149.0    -111.5  1745.0  266.0    -111.5  1628.0  114.0 
-107.4  1760.0  149.0    -105.3  1988.0  126.0     -97.5  2072.0  115.0 
 -95.2  2660.0  196.0     -94.0  2587.0  219.0     -90.3  2955.0  277.0 
 -90.3  2468.0  268.0     -76.9  2729.0  305.0     -70.8  3136.0  388.0 
 -70.8  2108.0  685.0     -67.5  3912.0  532.0     -67.5  3773.0  381.0 
 -64.1  3403.0  307.0     -64.1  3158.0  346.0     -60.5  3810.0  307.0 
 -54.6  4100.0  658.0     -50.3  4597.0  330.0     -50.3  4773.0  347.0 
  45.6  5030.0  390.0      46.0  4336.0  540.0      50.3  4563.0  354.0 
  58.6  5307.0  344.0      60.5  4229.0  393.0      60.5  4197.0  360.0 
  60.5  3683.0  328.0      67.5  4033.0  862.0      69.1  4644.0  300.0 
  70.8  2733.0  183.0      70.8  3368.0  315.0      70.8  2742.0  386.0 
  76.9  2802.0  784.0      76.9  2795.0  265.0      79.7  2879.0  172.0 
  81.1  2976.0  596.0      83.9  2387.0  292.0      85.2  2653.0  255.0 
  90.3  2803.0  310.0      90.3  2422.0  137.0      90.3  2535.0  264.0 
  90.3  2330.0  338.0      92.8  2609.0  239.0      94.0  2341.0  179.0 
  95.2  2058.0  203.0     102.0  1500.0  322.0     102.0  1864.0  213.0 
 105.3  1501.0  378.0     105.3  1822.0  125.0     105.3  1526.0  134.0 
 111.5  1589.0  107.0     111.5  1312.0  142.0     112.5  1267.0   75.0 
 117.4  1144.0  309.0     117.4  1123.0  377.0     117.4  1532.0   82.0 
 120.2  1097.0   66.0     124.8  1153.0   90.0     124.8  1124.0   80.0 
 124.8  1140.0   76.0     127.5   978.0   67.0     127.5  1077.0   82.0 
 127.5   793.0  136.0     127.5   889.0  203.0     131.0   902.0  124.0 
 133.5   996.0   83.0     137.7   783.0   45.0     143.3   542.0  139.0 
 143.3   750.0   74.0     144.1   703.0   49.0     144.1   553.0   49.0 
 145.6   649.0   41.0     150.2   351.0   55.0     150.2   420.0   59.0 
 153.9   460.0   50.0     154.6   427.0   36.0     154.6   381.0   33.0 
 154.6   427.0   28.0     164.5   318.0   37.0     164.5   296.0   28.0 
 164.5   351.0   24.0     165.2   297.0   38.0     171.2   271.0   18.0 
 187.5   141.0   17.0     187.5   170.0   15.0 
#
# Table 48 : 6Li / 233U / 1000eV
;80
-187.5   122.0   24.0    -164.5   182.0   19.0    -154.6   247.0   31.0 
-150.2   223.0   33.0    -132.7   571.0   46.0    -124.8   687.0   63.0 
-121.2   769.0   89.0    -111.5   853.0  163.0    -111.5   808.0   72.0    
-107.4   860.0   90.0    -105.3  1027.0   83.0     -97.5  1061.0   68.0 
 -95.2  1369.0  111.0     -94.0  1329.0  128.0     -90.3  1554.0  164.0 
 -90.3  1205.0  161.0     -76.9  1323.0  192.0     -70.8  1647.0  250.0 
 -67.5  2115.0  311.0     -67.5  1952.0  203.0     -64.1  1749.0  182.0 
 -54.6  2137.0  405.0     -50.3  2484.0  194.0     -50.3  2594.0  214.0 
 -45.6  1997.0  192.0      45.6  2761.0  225.0      46.0  2392.0  336.0 
  50.3  2476.0  181.0      58.6  3072.0  198.0      60.5  2266.0  232.0 
  67.5  2299.0  461.0      69.1  2653.0  189.0      70.8  1389.0  110.0 
  70.8  1751.0  185.0      70.8  1348.0  198.0      76.9  1436.0  475.0 
  76.9  1416.0  149.0      79.7  1524.0  101.0      81.1  1557.0  367.0 
  85.2  1342.0  156.0      90.3  1517.0  194.0      90.3  1297.0  172.0 
  90.3  1170.0  200.0      92.8  1322.0  148.0      94.0  1217.0  124.0 
  95.2  1018.0  127.0     102.0   930.0  124.0     105.3   916.0   85.0 
 105.3   741.0   88.0     111.5   795.0   73.0     111.5   615.0   82.0 
 112.5   619.0   46.0     117.4   525.0  162.0     117.4   511.0  214.0 
 117.4   771.0   51.0     120.2   537.0   41.0     124.8   563.0   58.0 
 124.8   530.0   50.0     124.8   540.0   46.0     127.5   536.0   51.0 
 127.5   427.0  102.0     131.0   442.0   74.0     133.5   483.0   53.0 
 137.7   383.0   27.0     143.3   356.0   43.0     144.1   341.0   31.0 
 144.1   261.0   30.0     145.6   314.0   27.0     150.2   163.0   32.0 
 150.2   203.0   36.0     153.9   212.0   34.0     154.6   208.0   24.0 
 154.6   181.0   20.0     154.6   211.0   18.0     164.5   152.0   21.0 
 164.5   139.0   17.0     164.5   166.0   17.0     165.2   137.0   25.0 
 171.2   132.0   12.0     187.5    80.0   10.0 
#
# Table 49 : 3He / Scint / 1.5eV
;10
  16.8  665235.0  9979.0     40.4  593298.0  9474.0     45.6  602514.0  9483.0 
  69.1  387449.0  7658.0     81.1  420921.0  7966.0     98.6  331789.0  7105.0 
 105.3  275497.0  6362.0    113.5  218988.0  5755.0    124.8  207045.0  5607.0 
 153.9  115093.0  4100.0 
#
# Table 50 : 3He / Scint / 5eV
;10
  16.8  284113.0  4660.0     40.4  245043.0  4334.0     45.6  266956.0  4501.0 
  69.1  168293.0  3576.0     81.1  180439.0  3725.0     98.6  130339.0  3166.0 
 105.3  119252.0  3013.0    113.5   93661.0  2677.0    124.8   88648.0  2604.0 
 153.9   42240.0  1747.0 
#
# Table 51 : 3He / Scint / 10eV
;10
  16.8  167763.0  3135.0     40.4  143894.0  2910.0     45.6  157657.0  3064.0 
  69.1   96559.0  2392.0     81.1  107418.0  2504.0     98.6   75270.0  2105.0 
 105.3   67229.0  2005.0    113.5   54325.0  1795.0    124.8   49735.0  1721.0 
 153.9   24108.0  1196.0 
#
# Table 52 : 3He / Scint / 18eV
;10
  16.8  105971.0  2071.0     40.4  90614.0  1921.0     45.6  100489.0  2019.0 
  69.1   59547.0  1556.0     81.1  66724.0  1647.0     98.6   47353.0  1383.0 
 105.3   41776.0  1301.0    113.5  32850.0  1151.0    124.8   30290.0  1107.0 
 153.9   14574.0   755.0 
#
# Table 53 : 3He / Scint / 100eV
;10
  16.8  26393.0  656.0     40.4  21271.0  588.0     45.6  24639.0  634.0 
  69.1  14014.0  478.0     81.1  15459.0  502.0     98.6  10163.0  407.0 
 105.3   9156.0  387.0    113.5   7627.0  353.0    124.8   6354.0  322.0 
 153.9   2970.0  220.0 
#
# Table 54 : 3He / Scint / 480eV
;10
  16.8  6932.0  247.0     40.4  5332.0  217.0     45.6  6363.0  240.0 
  69.1  3500.0  180.0     81.1  3989.0  188.0     98.6  2635.0  154.0 
 105.3  2244.0  140.0    113.5  1833.0  125.0    124.8  1480.0  113.0 
 153.9   755.0   79.0 
#
# Table 55 : 3He / Scint / 1000eV
;10
  16.8  3746.0  144.0     40.4  2736.0  124.0     45.6  3440.0  139.0 
  69.1  1835.0  102.0     81.1  2070.0  108.0     98.6  1359.0   87.0 
 105.3  1092.0   78.0    113.5   938.0   72.0    124.8   705.0   61.0 
 153.9   316.0   43.0 
#
# Table 56 : 3He / Scint / 10,000eV
;10
  16.8  496.0  32.0     40.4  399.0  28.0     45.6  603.0  36.0 
  69.1  313.0  25.0     81.1  316.0  26.0     98.6  200.0  21.0 
 105.3  148.0  16.0    113.5  128.0  16.0    124.8   82.0   9.0 
 153.9   47.0   9.0 
#
# Table 57 : 3He / Scint / 50,000eV
;6
  81.1  81.0  10.0     98.6  61.0  8.0    105.3  27.0  4.0 
 113.5  30.0   6.0    124.8  16.0  5.0    153.9   9.0  3.0 
#
# Table 36 : 3He/scint flux 2.5GeV/c
;78
    0.376   275278.0    3448.0        0.442   301782.0    3756.0        0.519   340272.0    4157.0 
    0.61    356588.0    4421.0        0.716   394892.0    4838.0        0.841   429498.0    5256.0 
    0.989   458291.0    5646.0        1.161   484007.0    6029.0        1.365   506543.0    6422.0 
    1.603   544825.0    6938.0        1.884   566643.0    7324.0        2.213   616788.0    7971.0 
    2.6     642024.0    8464.0        3.055   676087.0    9038.0        3.589   719414.0    9673.0 
    4.217   742831.0   10263.0        4.955   774353.0   10859.0        5.821   827903.0   11755.0 
    6.839   845510.0   12289.0        8.035   885449.0   13134.0        9.441   915560.0   13871.0 
   11.092   941733.0   14636.0       13.032   980162.0   15567.0       15.311  1012818.0   16446.0 
   17.989  1055418.0   17466.0       21.135  1102804.0   18600.0       24.831  1141888.0   19708.0 
   29.174  1156113.0   20572.0       34.277  1185135.0   21690.0       40.272  1235172.0   23087.0 
   47.315  1289648.0   24600.0       55.591  1307669.0   25735.0       65.313  1341033.0   27092.0 
   76.736  1370895.0   28509.0       90.157  1398922.0   29863.0      105.926  1431318.0   31571.0 
  124.452  1441628.0   32989.0      146.218  1513853.0   35157.0      171.791  1547521.0   36989.0 
  201.837  1563220.0   38597.0      237.138  1636756.0   41363.0      278.613  1628540.0   42734.0 
  327.341  1705225.0   45742.0      384.592  1751752.0   48197.0      451.857  1797444.0   50849.0 
  530.885  1858746.0   53944.0      623.736  1913164.0   56952.0      732.825  1944251.0   59634.0 
  860.995  1953811.0   62321.0     1011.58   2064894.0   66872.0     1188.503  2070736.0   69862.0 
 1396.369  2206711.0   75060.0     1640.59   2244527.0   79162.0     1927.525  2341376.0   84198.0 
 2264.644  2431927.0   89569.0     2660.725  2498864.0   94963.0     3126.079  2645949.0  101803.0 
 3672.822  2678028.0  106813.0     4315.188  2758465.0  113268.0     5069.903  2878502.0  120584.0 
 5956.616  2882548.0  126414.0     6998.413  2890662.0  132323.0     8222.417  2994883.0  141359.0 
 9660.496  3266327.0  154144.0    11350.091  3300371.0  162315.0    13335.199  3237443.0  169011.0 
15667.5    3488670.0  183639.0    18407.715  3721156.0  198814.0    21627.188  3758134.0  209985.0 
25409.74   3793469.0  221589.0    29853.852  4196991.0  244748.0    35075.23   4477528.0  266618.0 
41209.82   4762069.0  290044.0    48417.336  4984865.0  312674.0    56885.434  5477323.0  347075.0 
66834.586  6116790.0  389450.0    78523.82   6491265.0  424105.0    92257.172  7726631.0  490180.0 
#
# Table 38 : 6Li/233U flux 2.5GeV/c
;95
    0.021     15908.0     2296.0        0.024     17993.0     2545.0        0.029     24624.0     3102.0 
    0.033     38977.0     4069.0        0.039     38936.0     4242.0        0.046     56744.0     5340.0 
    0.054     51858.0     5209.0        0.064     78687.0     6631.0        0.075     80212.0     6933.0 
    0.088     92435.0     7721.0        0.104    112138.0     8835.0        0.122    138309.0     1199.0 
    0.143    147323.0    10941.0        0.168    178602.0    12514.0        0.197    208492.0    14033.0 
    0.232    231684.0    15343.0        0.272    242909.0    16284.0        0.320    306021.0    13826.0 
    0.376    310552.0    14432.0        0.442    349617.0    15860.0        0.519    361640.0    16667.0 
    0.610    372367.0    17347.0        0.716    390333.0    18013.0        0.841    453242.0    18952.0 
    0.989    502635.0    18568.0        1.161    493583.0    15919.0        1.365    494861.0    12888.0 
    1.603    482488.0    10717.0        1.884    514136.0    10963.0        2.213    543474.0    13377.0 
    2.600    627154.0    19953.0        3.055    656274.0    25914.0        3.589    726710.0    28390.0 
    4.217    724241.0    29453.0        4.955    806797.0    30985.0        5.821    763901.0    25506.0 
    6.839    737945.0    24175.0        8.035    867885.0    32372.0        9.441    875563.0    29274.0 
   11.092    829345.0    26276.0       13.032    921048.0    30171.0       15.311    965185.0    33120.0 
   17.989   1014804.0    32924.0       21.135    889206.0    28541.0       24.831    973931.0    33712.0 
   29.174   1114639.0    41872.0       34.277   1058564.0    45386.0       40.272   1232387.0    60071.0 
   47.315   1529422.0    70447.0       55.590   1345060.0    59887.0       65.313   1210322.0    57434.0 
   76.736   1453971.0    67287.0       90.157   1418608.0    66888.0      105.925   1362524.0    63152.0 
  124.451   1227946.0    66509.0      146.217   1511154.0    81408.0      171.791   1429373.0    78724.0 
  201.836   1627807.0    86350.0      237.137   1582482.0    87150.0      278.612   1628250.0    91315.0 
  327.340   1723348.0    99985.0      384.591   1848327.0   113129.0      451.855   2178810.0   132774.0 
  530.884   2137029.0   130999.0      623.734   2204020.0   130072.0      732.823   1845805.0   121329.0 
  860.992   1936230.0   130514.0     1011.577   1998776.0   140505.0     1188.499   2311320.0   158478.0 
 1396.365   2387485.0   165673.0     1640.586   2268294.0   166773.0     1927.521   2483071.0   180262.0 
 2264.639   2455236.0  1864850.0     2660.720   2450272.0   192890.0     3126.072   2766197.0   214243.0 
 3672.816   2755937.0   221442.0     4315.182   3095936.0   244535.0     5069.899   3118377.0   255526.0 
 5956.609   3160060.0   387514.0     6998.403   3445465.0   412492.0     8222.412   3091801.0   400721.0 
 9660.496   3706670.0   455571.0    11350.080   3717733.0   482881.0    13335.170   4654344.0   552433.0 
15667.480   3894362.0   517210.0    18407.660   4508537.0   568926.0    21627.140   2939137.0   469298.0 
25409.660   4439832.0   589659.0    29853.750   4631860.0   606093.0    35075.100   5931119.0   697767.0 
41209.670   9105124.0   885261.0    48417.120  14277100.0  1135819.0    56885.140  45261009.0  2044653.0 
66834.250  45816255.0  2084523.0    78523.430   5828108.0   749593.0 
#
# Table 40 : 3He/ionization flux 2.5GeV/c
;21
  59500.0  4769990.0   585185.0     109000.0   5513695.0   766895.0     158500.0  7339415.0  1079366.0
 208000.0  6917651.0  1154588.0     257500.0  10017312.0  1627418.0     307000.0  6167753.0  1283921.0
 356500.0  9621671.0  1816459.0     406000.0   8704919.0  1812074.0     455500.0  8429564.0  1884908.0
 505000.0  1009179.0  2221605.0     554500.0   7095639.0  1910559.0     604000.0  5036533.0  1670429.0 
 653500.0  5692027.0  1887832.0     703000.0  12173780.0  3046648.0     752500.0  2858499.0  1457554.0
 802000.0  2481939.0  1043202.0     901000.0   2492927.0  1142402.0    1000000.0  2233198.0   938652.0
1162308.0  2491258.0   104711.0    1350960.0    959095.0   684930.0    1570232.0  1814799.0  1063375.0 
#
